1 -0.0314411 0.0101479
2 -0.0640297 0.022695
3 -0.042501 0.0119861
4 -0.00666302 -0.00126605
5 -0.00424295 0.00135396
6 0.0810172 -0.0325891
7 0.207837 -0.0749989
8 0.25972 -0.0833298
9 0.256143 -0.0774017
10 0.133615 -0.0287033
11 -0.0466129 0.0311819
12 -0.031029 0.00695658
13 -0.0166779 0.00279118
14 -0.00223911 -0.00154698
15 0.00313775 -0.00225698
16 -0.118238 0.0409987
17 -0.178812 0.0593383
18 -0.193225 0.0592395
19 -0.172271 0.0495888
20 -0.138421 0.0382824
21 -0.0949159 0.0243605
22 -0.0532724 0.0121068
23 -0.0178043 0.00210171
24 0.00609954 -0.00391912
25 0.0214377 -0.00768543
26 0.0282042 -0.00888642
27 -0.0559259 0.0254982
28 -0.184933 0.068873
29 -0.241365 0.0787863
30 -0.244047 0.0744601
31 -0.11941 0.0244563
32 0.0491603 -0.0221777
33 0.0303966 -0.00627417
34 0.0141313 -0.00165852
