1 -1.03075 0 0.228918
2 -1.84181 0 0.351322
3 -1.61213 0 0.337414
4 -1.29554 0 0.318988
5 -1.28563 0 0.340253
6 -1.21041 0 0.344379
7 -1.07928 0 0.343005
8 -1.04318 0 0.353399
9 -0.956355 0 0.365361
10 -0.818939 0 0.359737
11 -0.762202 0 0.365241
12 -0.729275 0 0.370614
13 -0.665349 0 0.371223
14 -0.626637 0 0.375149
15 -0.593047 0 0.378546
16 -0.545509 0 0.385948
17 -0.48961 0 0.385408
18 -0.450935 0 0.38734
19 -0.423466 0 0.389713
20 -0.397637 0 0.391672
21 -0.371558 0 0.393294
22 -0.347594 0 0.394917
23 -0.323748 0 0.39625
24 -0.304607 0 0.397906
25 -0.284296 0 0.399089
26 -0.26686 0 0.400449
27 -0.249321 0 0.401536
28 -0.232233 0 0.402505
29 -0.220193 0 0.403895
30 -0.205212 0 0.40466
31 -0.189876 0 0.405321
32 -0.177414 0 0.408146
33 -0.155776 0 0.40751
34 -0.227862 0 0.418368
